0,5000,200000,5000,5000,11349,24854528,0.003457
1,5000,200000,5000,5000,11461,24858624,0.003265
2,5000,200000,5000,5000,11467,24858624,0.003222
3,5000,200000,5000,5000,11331,24858624,0.003203
4,5000,200000,5000,5000,11582,24858624,0.003203
5,5000,200000,5000,5000,11530,24858624,0.003172
6,5000,200000,5000,5000,11355,24858624,0.003194
7,5000,200000,5000,5000,11449,24858624,0.003216
8,5000,200000,5000,5000,11314,24858624,0.003209
9,5000,200000,5000,5000,11571,24858624,0.003196
10,5000,200000,5000,5000,11338,24858624,0.003164
11,5000,200000,5000,5000,11407,24858624,0.003212
12,5000,200000,5000,5000,11488,24858624,0.003213
13,5000,200000,5000,5000,11404,24858624,0.003199
14,5000,200000,5000,5000,11403,24858624,0.003205
15,5000,200000,5000,5000,11451,24858624,0.003170
16,5000,200000,5000,5000,11382,24858624,0.003205
17,5000,200000,5000,5000,11402,24858624,0.003207
18,5000,200000,5000,5000,11534,24858624,0.003214
19,5000,200000,5000,5000,11511,24858624,0.003209
20,5000,200000,5000,5000,11554,24858624,0.003178
21,5000,200000,5000,5000,11419,24858624,0.003202
22,5000,200000,5000,5000,11318,24858624,0.003199
23,5000,200000,5000,5000,11530,24858624,0.003208
24,5000,200000,5000,5000,11508,24858624,0.003198
25,5000,200000,5000,5000,11375,24858624,0.003161
26,5000,200000,5000,5000,11472,24858624,0.003207
27,5000,200000,5000,5000,11357,24858624,0.003198
28,5000,200000,5000,5000,11538,24858624,0.003197
29,5000,200000,5000,5000,11438,24858624,0.003206
30,5000,200000,5000,5000,11430,24858624,0.003161
31,5000,200000,5000,5000,11568,24858624,0.003226
32,5000,200000,5000,5000,11485,24858624,0.003197
33,5000,200000,5000,5000,11422,24858624,0.003204
34,5000,200000,5000,5000,11438,24858624,0.003197
35,5000,200000,5000,5000,11269,24858624,0.003149
36,5000,200000,5000,5000,11341,24858624,0.003195
37,5000,200000,5000,5000,11499,24858624,0.003189
38,5000,200000,5000,5000,11360,24858624,0.003201
39,5000,200000,5000,5000,11427,24858624,0.003199
40,5000,200000,5000,5000,11509,24858624,0.003171
41,5000,200000,5000,5000,11386,24858624,0.003206
42,5000,200000,5000,5000,11488,24858624,0.003209
43,5000,200000,5000,5000,11314,24858624,0.003195
44,5000,200000,5000,5000,11427,24858624,0.003204
45,5000,200000,5000,5000,11253,24858624,0.003162
46,5000,200000,5000,5000,11440,24858624,0.003206
47,5000,200000,5000,5000,11578,24858624,0.003204
48,5000,200000,5000,5000,11402,24858624,0.003196
49,5000,200000,5000,5000,11514,24858624,0.003205
