0,5000,200000,5000,5000,11503,24854528,0.003491
1,5000,200000,5000,5000,11339,24858624,0.003262
2,5000,200000,5000,5000,11533,24858624,0.003246
3,5000,200000,5000,5000,11342,24858624,0.003188
4,5000,200000,5000,5000,11499,24858624,0.003215
5,5000,200000,5000,5000,11366,24858624,0.003212
6,5000,200000,5000,5000,11521,24858624,0.003190
7,5000,200000,5000,5000,11434,24858624,0.003211
8,5000,200000,5000,5000,11478,24858624,0.003158
9,5000,200000,5000,5000,11374,24858624,0.003215
10,5000,200000,5000,5000,11303,24858624,0.003190
11,5000,200000,5000,5000,11483,24858624,0.003303
12,5000,200000,5000,5000,11449,24858624,0.003211
13,5000,200000,5000,5000,11429,24858624,0.003161
14,5000,200000,5000,5000,11343,24858624,0.003228
15,5000,200000,5000,5000,11433,24858624,0.003206
16,5000,200000,5000,5000,11524,24858624,0.003201
17,5000,200000,5000,5000,11415,24858624,0.003199
18,5000,200000,5000,5000,11463,24858624,0.003171
19,5000,200000,5000,5000,11460,24858624,0.003216
20,5000,200000,5000,5000,11299,24858624,0.003208
21,5000,200000,5000,5000,11411,24858624,0.003220
22,5000,200000,5000,5000,11474,24858624,0.003216
23,5000,200000,5000,5000,11147,24858624,0.003148
24,5000,200000,5000,5000,11544,24858624,0.003208
25,5000,200000,5000,5000,11387,24858624,0.003195
26,5000,200000,5000,5000,11406,24858624,0.003193
27,5000,200000,5000,5000,11333,24858624,0.003180
28,5000,200000,5000,5000,11504,24858624,0.003171
29,5000,200000,5000,5000,11449,24858624,0.003207
30,5000,200000,5000,5000,11432,24858624,0.003215
31,5000,200000,5000,5000,11592,24858624,0.003205
32,5000,200000,5000,5000,11415,24858624,0.003208
33,5000,200000,5000,5000,11530,24858624,0.003165
34,5000,200000,5000,5000,11463,24858624,0.003206
35,5000,200000,5000,5000,11291,24858624,0.003193
36,5000,200000,5000,5000,11475,24858624,0.003198
37,5000,200000,5000,5000,11423,24858624,0.003201
38,5000,200000,5000,5000,11358,24858624,0.003175
39,5000,200000,5000,5000,11394,24858624,0.003209
40,5000,200000,5000,5000,11512,24858624,0.003226
41,5000,200000,5000,5000,11509,24858624,0.003232
42,5000,200000,5000,5000,11380,24858624,0.003198
43,5000,200000,5000,5000,11481,24858624,0.003196
44,5000,200000,5000,5000,11518,24858624,0.003203
45,5000,200000,5000,5000,11574,24858624,0.003206
46,5000,200000,5000,5000,11514,24858624,0.003209
47,5000,200000,5000,5000,11373,24858624,0.003179
48,5000,200000,5000,5000,11336,24858624,0.003199
49,5000,200000,5000,5000,11562,24858624,0.003186
