h4mn.dat
2 2 3.18e-08 8.82e-08
8 24 4.29e-09 2.86e-07
16 62 4.24e-09 9.17e-07
32 150 4.23e-09 2.67e-06
64 331 3.93e-09 6.45e-06
128 749 3.76e-09 1.60e-05
256 1679 3.01e-09 3.23e-05
512 3709 2.70e-09 7.11e-05
1024 8128 2.55e-09 1.62e-04
2048 17670 2.47e-09 3.71e-04
4096 38174 2.21e-09 7.76e-04
8192 82021 2.41e-09 1.96e-03
16384 175398 2.86e-09 5.32e-03
32768 373480 2.46e-09 1.04e-02
65536 792368 2.44e-09 2.32e-02
131072 1675587 2.51e-09 5.35e-02
262144 3532864 2.97e-09 1.41e-01
524288 7429088 3.30e-09 3.46e-01
1048576 15584965 3.48e-09 8.03e-01
--------------------------------
2 & 2 & 8.82e-08
8 & 24 & 2.86e-07
16 & 62 & 9.17e-07
32 & 150 & 2.67e-06
64 & 331 & 6.45e-06
128 & 749 & 1.60e-05
256 & 1679 & 3.23e-05
512 & 3709 & 7.11e-05
1024 & 8128 & 1.62e-04
2048 & 17670 & 3.71e-04
4096 & 38174 & 7.76e-04
8192 & 82021 & 1.96e-03
16384 & 175398 & 5.32e-03
32768 & 373480 & 1.04e-02
65536 & 792368 & 2.32e-02
131072 & 1675587 & 5.35e-02
262144 & 3532864 & 1.41e-01
524288 & 7429088 & 3.46e-01
1048576 & 15584965 & 8.03e-01
================================
h16mn.dat
2 2 2.38e-08 6.59e-08
8 24 6.29e-09 4.19e-07
16 62 4.81e-09 1.04e-06
32 150 3.97e-09 2.50e-06
64 331 3.81e-09 6.26e-06
128 749 3.88e-09 1.65e-05
256 1679 3.20e-09 3.43e-05
512 3709 2.92e-09 7.68e-05
1024 8128 2.67e-09 1.69e-04
2048 17670 2.66e-09 4.00e-04
4096 38174 2.50e-09 8.79e-04
8192 82021 2.74e-09 2.23e-03
16384 175398 2.82e-09 5.25e-03
32768 373480 2.79e-09 1.18e-02
65536 792368 2.77e-09 2.64e-02
131072 1675587 2.82e-09 6.00e-02
262144 3532864 3.16e-09 1.49e-01
524288 7429088 3.49e-09 3.66e-01
1048576 15584965 3.35e-09 7.72e-01
--------------------------------
2 & 2 & 6.59e-08
8 & 24 & 4.19e-07
16 & 62 & 1.04e-06
32 & 150 & 2.50e-06
64 & 331 & 6.26e-06
128 & 749 & 1.65e-05
256 & 1679 & 3.43e-05
512 & 3709 & 7.68e-05
1024 & 8128 & 1.69e-04
2048 & 17670 & 4.00e-04
4096 & 38174 & 8.79e-04
8192 & 82021 & 2.23e-03
16384 & 175398 & 5.25e-03
32768 & 373480 & 1.18e-02
65536 & 792368 & 2.64e-02
131072 & 1675587 & 6.00e-02
262144 & 3532864 & 1.49e-01
524288 & 7429088 & 3.66e-01
1048576 & 15584965 & 7.72e-01
================================
h6mn.dat
2 2 1.82e-08 5.05e-08
8 24 4.02e-09 2.67e-07
16 62 4.16e-09 9.00e-07
32 150 4.31e-09 2.72e-06
64 331 3.79e-09 6.23e-06
128 749 3.23e-09 1.37e-05
256 1679 2.91e-09 3.12e-05
512 3709 2.67e-09 7.04e-05
1024 8128 2.43e-09 1.54e-04
2048 17670 2.38e-09 3.58e-04
4096 38174 2.12e-09 7.44e-04
8192 82021 2.31e-09 1.88e-03
16384 175398 2.40e-09 4.47e-03
32768 373480 2.39e-09 1.01e-02
65536 792368 2.34e-09 2.23e-02
131072 1675587 2.36e-09 5.03e-02
262144 3532864 2.69e-09 1.27e-01
524288 7429088 3.11e-09 3.25e-01
1048576 15584965 3.30e-09 7.61e-01
--------------------------------
2 & 2 & 5.05e-08
8 & 24 & 2.67e-07
16 & 62 & 9.00e-07
32 & 150 & 2.72e-06
64 & 331 & 6.23e-06
128 & 749 & 1.37e-05
256 & 1679 & 3.12e-05
512 & 3709 & 7.04e-05
1024 & 8128 & 1.54e-04
2048 & 17670 & 3.58e-04
4096 & 38174 & 7.44e-04
8192 & 82021 & 1.88e-03
16384 & 175398 & 4.47e-03
32768 & 373480 & 1.01e-02
65536 & 792368 & 2.23e-02
131072 & 1675587 & 5.03e-02
262144 & 3532864 & 1.27e-01
524288 & 7429088 & 3.25e-01
1048576 & 15584965 & 7.61e-01
================================
GMN.dat
--------------------------------
================================
h5mn.dat
2 2 2.01e-08 5.56e-08
8 24 3.91e-09 2.60e-07
16 62 4.12e-09 8.92e-07
32 150 4.28e-09 2.70e-06
64 331 3.64e-09 5.98e-06
128 749 3.30e-09 1.40e-05
256 1679 2.95e-09 3.17e-05
512 3709 3.45e-09 9.08e-05
1024 8128 2.46e-09 1.56e-04
2048 17670 2.42e-09 3.64e-04
4096 38174 2.44e-09 8.59e-04
8192 82021 2.34e-09 1.90e-03
16384 175398 2.45e-09 4.57e-03
32768 373480 2.76e-09 1.17e-02
65536 792368 2.41e-09 2.29e-02
131072 1675587 2.37e-09 5.05e-02
262144 3532864 3.46e-09 1.64e-01
524288 7429088 3.59e-09 3.76e-01
1048576 15584965 3.17e-09 7.30e-01
--------------------------------
2 & 2 & 5.56e-08
8 & 24 & 2.60e-07
16 & 62 & 8.92e-07
32 & 150 & 2.70e-06
64 & 331 & 5.98e-06
128 & 749 & 1.40e-05
256 & 1679 & 3.17e-05
512 & 3709 & 9.08e-05
1024 & 8128 & 1.56e-04
2048 & 17670 & 3.64e-04
4096 & 38174 & 8.59e-04
8192 & 82021 & 1.90e-03
16384 & 175398 & 4.57e-03
32768 & 373480 & 1.17e-02
65536 & 792368 & 2.29e-02
131072 & 1675587 & 5.05e-02
262144 & 3532864 & 1.64e-01
524288 & 7429088 & 3.76e-01
1048576 & 15584965 & 7.30e-01
================================
h10mn.dat
2 2 2.19e-08 6.08e-08
8 24 4.36e-09 2.90e-07
16 62 4.04e-09 8.74e-07
32 150 4.00e-09 2.52e-06
64 331 3.90e-09 6.40e-06
128 749 3.30e-09 1.40e-05
256 1679 2.88e-09 3.10e-05
512 3709 2.74e-09 7.23e-05
1024 8128 3.88e-09 2.46e-04
2048 17670 2.27e-09 3.41e-04
4096 38174 2.27e-09 7.97e-04
8192 82021 2.48e-09 2.02e-03
16384 175398 2.58e-09 4.80e-03
32768 373480 2.52e-09 1.07e-02
65536 792368 2.63e-09 2.51e-02
131072 1675587 2.56e-09 5.45e-02
262144 3532864 3.23e-09 1.53e-01
524288 7429088 3.24e-09 3.39e-01
1048576 15584965 3.30e-09 7.62e-01
--------------------------------
2 & 2 & 6.08e-08
8 & 24 & 2.90e-07
16 & 62 & 8.74e-07
32 & 150 & 2.52e-06
64 & 331 & 6.40e-06
128 & 749 & 1.40e-05
256 & 1679 & 3.10e-05
512 & 3709 & 7.23e-05
1024 & 8128 & 2.46e-04
2048 & 17670 & 3.41e-04
4096 & 38174 & 7.97e-04
8192 & 82021 & 2.02e-03
16384 & 175398 & 4.80e-03
32768 & 373480 & 1.07e-02
65536 & 792368 & 2.51e-02
131072 & 1675587 & 5.45e-02
262144 & 3532864 & 1.53e-01
524288 & 7429088 & 3.39e-01
1048576 & 15584965 & 7.62e-01
================================
h3mn.dat
2 2 1.85e-08 5.14e-08
8 24 4.39e-09 2.92e-07
16 62 4.63e-09 1.00e-06
32 150 4.25e-09 2.68e-06
64 331 3.92e-09 6.44e-06
128 749 4.66e-09 1.98e-05
256 1679 4.21e-09 4.52e-05
512 3709 2.92e-09 7.69e-05
1024 8128 3.32e-09 2.11e-04
2048 17670 3.41e-09 5.13e-04
4096 38174 2.33e-09 8.19e-04
8192 82021 2.55e-09 2.07e-03
16384 175398 2.88e-09 5.36e-03
32768 373480 2.60e-09 1.10e-02
65536 792368 2.59e-09 2.47e-02
131072 1675587 2.81e-09 5.98e-02
262144 3532864 3.25e-09 1.54e-01
524288 7429088 3.78e-09 3.96e-01
1048576 15584965 3.79e-09 8.74e-01
--------------------------------
2 & 2 & 5.14e-08
8 & 24 & 2.92e-07
16 & 62 & 1.00e-06
32 & 150 & 2.68e-06
64 & 331 & 6.44e-06
128 & 749 & 1.98e-05
256 & 1679 & 4.52e-05
512 & 3709 & 7.69e-05
1024 & 8128 & 2.11e-04
2048 & 17670 & 5.13e-04
4096 & 38174 & 8.19e-04
8192 & 82021 & 2.07e-03
16384 & 175398 & 5.36e-03
32768 & 373480 & 1.10e-02
65536 & 792368 & 2.47e-02
131072 & 1675587 & 5.98e-02
262144 & 3532864 & 1.54e-01
524288 & 7429088 & 3.96e-01
1048576 & 15584965 & 8.74e-01
================================
h2mn.dat
2 2 2.01e-08 5.56e-08
8 24 4.33e-09 2.88e-07
16 62 4.53e-09 9.79e-07
32 150 4.68e-09 2.95e-06
64 331 4.38e-09 7.20e-06
128 749 4.01e-09 1.71e-05
256 1679 4.45e-09 4.78e-05
512 3709 3.23e-09 8.52e-05
1024 8128 3.95e-09 2.51e-04
2048 17670 2.97e-09 4.46e-04
4096 38174 2.72e-09 9.55e-04
8192 82021 3.13e-09 2.54e-03
16384 175398 3.04e-09 5.67e-03
32768 373480 3.10e-09 1.31e-02
65536 792368 3.34e-09 3.18e-02
131072 1675587 3.19e-09 6.80e-02
262144 3532864 3.34e-09 1.58e-01
524288 7429088 4.11e-09 4.31e-01
1048576 15584965 4.28e-09 9.88e-01
--------------------------------
2 & 2 & 5.56e-08
8 & 24 & 2.88e-07
16 & 62 & 9.79e-07
32 & 150 & 2.95e-06
64 & 331 & 7.20e-06
128 & 749 & 1.71e-05
256 & 1679 & 4.78e-05
512 & 3709 & 8.52e-05
1024 & 8128 & 2.51e-04
2048 & 17670 & 4.46e-04
4096 & 38174 & 9.55e-04
8192 & 82021 & 2.54e-03
16384 & 175398 & 5.67e-03
32768 & 373480 & 1.31e-02
65536 & 792368 & 3.18e-02
131072 & 1675587 & 6.80e-02
262144 & 3532864 & 1.58e-01
524288 & 7429088 & 4.31e-01
1048576 & 15584965 & 9.88e-01
================================
