0,5000,200000,5000,5000,11340,24854528,0.003577
1,5000,200000,5000,5000,11503,24858624,0.003328
2,5000,200000,5000,5000,11436,24858624,0.003282
3,5000,200000,5000,5000,11367,24858624,0.003287
4,5000,200000,5000,5000,11413,24858624,0.003250
5,5000,200000,5000,5000,11556,24858624,0.003267
6,5000,200000,5000,5000,11436,24858624,0.003272
7,5000,200000,5000,5000,11357,24858624,0.003275
8,5000,200000,5000,5000,11433,24858624,0.003275
9,5000,200000,5000,5000,11393,24858624,0.003263
10,5000,200000,5000,5000,11368,24858624,0.003222
11,5000,200000,5000,5000,11456,24858624,0.003253
12,5000,200000,5000,5000,11384,24858624,0.003266
13,5000,200000,5000,5000,11375,24858624,0.003261
14,5000,200000,5000,5000,11369,24858624,0.003281
15,5000,200000,5000,5000,11571,24858624,0.003248
16,5000,200000,5000,5000,11394,24858624,0.003276
17,5000,200000,5000,5000,11218,24858624,0.003273
18,5000,200000,5000,5000,11501,24858624,0.003281
19,5000,200000,5000,5000,11415,24858624,0.003259
20,5000,200000,5000,5000,11472,24858624,0.003287
21,5000,200000,5000,5000,11287,24858624,0.003232
22,5000,200000,5000,5000,11405,24858624,0.003277
23,5000,200000,5000,5000,11593,24858624,0.003283
24,5000,200000,5000,5000,11279,24858624,0.003271
25,5000,200000,5000,5000,11395,24858624,0.003267
26,5000,200000,5000,5000,11394,24858624,0.003229
27,5000,200000,5000,5000,11384,24858624,0.003267
28,5000,200000,5000,5000,11403,24858624,0.003286
29,5000,200000,5000,5000,11582,24858624,0.003279
30,5000,200000,5000,5000,11253,24858624,0.003289
31,5000,200000,5000,5000,11399,24858624,0.003289
32,5000,200000,5000,5000,11555,24858624,0.003272
33,5000,200000,5000,5000,11378,24858624,0.003258
34,5000,200000,5000,5000,11488,24858624,0.003268
35,5000,200000,5000,5000,11407,24858624,0.003266
36,5000,200000,5000,5000,11417,24858624,0.003263
37,5000,200000,5000,5000,11467,24858624,0.003250
38,5000,200000,5000,5000,11430,24858624,0.003290
39,5000,200000,5000,5000,11270,24858624,0.003303
40,5000,200000,5000,5000,11605,24858624,0.003278
41,5000,200000,5000,5000,11216,24858624,0.003289
42,5000,200000,5000,5000,11464,24858624,0.003282
43,5000,200000,5000,5000,11452,24858624,0.003223
44,5000,200000,5000,5000,11506,24858624,0.003259
45,5000,200000,5000,5000,11314,24858624,0.003262
46,5000,200000,5000,5000,11214,24858624,0.003256
47,5000,200000,5000,5000,11476,24858624,0.003266
48,5000,200000,5000,5000,11547,24858624,0.003231
49,5000,200000,5000,5000,11405,24858624,0.003256
