0,5000,200000,5000,5000,11477,24854528,0.003472
1,5000,200000,5000,5000,11343,24858624,0.003190
2,5000,200000,5000,5000,11664,24858624,0.003217
3,5000,200000,5000,5000,11407,24858624,0.003205
4,5000,200000,5000,5000,11347,24858624,0.003190
5,5000,200000,5000,5000,11540,24858624,0.003181
6,5000,200000,5000,5000,11496,24858624,0.003139
7,5000,200000,5000,5000,11454,24858624,0.003196
8,5000,200000,5000,5000,11351,24858624,0.003210
9,5000,200000,5000,5000,11379,24858624,0.003176
10,5000,200000,5000,5000,11310,24858624,0.003185
11,5000,200000,5000,5000,11490,24858624,0.003144
12,5000,200000,5000,5000,11477,24858624,0.003192
13,5000,200000,5000,5000,11492,24858624,0.003187
14,5000,200000,5000,5000,11446,24858624,0.003189
15,5000,200000,5000,5000,11427,24858624,0.003191
16,5000,200000,5000,5000,11289,24858624,0.003146
17,5000,200000,5000,5000,11369,24858624,0.003173
18,5000,200000,5000,5000,11278,24858624,0.003192
19,5000,200000,5000,5000,11495,24858624,0.003191
20,5000,200000,5000,5000,11359,24858624,0.003176
21,5000,200000,5000,5000,11402,24858624,0.003157
22,5000,200000,5000,5000,11423,24858624,0.003192
23,5000,200000,5000,5000,11435,24858624,0.003187
24,5000,200000,5000,5000,11400,24858624,0.003179
25,5000,200000,5000,5000,11362,24858624,0.003182
26,5000,200000,5000,5000,11503,24858624,0.003140
27,5000,200000,5000,5000,11325,24858624,0.003179
28,5000,200000,5000,5000,11568,24858624,0.003184
29,5000,200000,5000,5000,11404,24858624,0.003195
30,5000,200000,5000,5000,11512,24858624,0.003188
31,5000,200000,5000,5000,11417,24858624,0.003141
32,5000,200000,5000,5000,11688,24858624,0.003180
33,5000,200000,5000,5000,11469,24858624,0.003173
34,5000,200000,5000,5000,11337,24858624,0.003174
35,5000,200000,5000,5000,11506,24858624,0.003161
36,5000,200000,5000,5000,11477,24858624,0.003188
37,5000,200000,5000,5000,11501,24858624,0.003177
38,5000,200000,5000,5000,11361,24858624,0.003188
39,5000,200000,5000,5000,11286,24858624,0.003178
40,5000,200000,5000,5000,11407,24858624,0.003132
41,5000,200000,5000,5000,11544,24858624,0.003176
42,5000,200000,5000,5000,11519,24858624,0.003198
43,5000,200000,5000,5000,11417,24858624,0.003176
44,5000,200000,5000,5000,11505,24858624,0.003200
45,5000,200000,5000,5000,11278,24858624,0.003138
46,5000,200000,5000,5000,11457,24858624,0.003177
47,5000,200000,5000,5000,11450,24858624,0.003210
48,5000,200000,5000,5000,11382,24858624,0.003190
49,5000,200000,5000,5000,11349,24858624,0.003182
