===== TSP Tour =====
0
15
36
34
35
40
29
26
30
11
13
42
39
33
38
41
37
25
24
32
27
121
28
31
55
4
120
56
53
44
43
102
92
126
94
122
96
97
106
110
111
93
45
117
47
48
52
46
54
65
123
51
50
1
49
12
114
119
6
9
2
89
115
59
61
58
60
90
57
99
63
112
124
64
98
91
88
103
70
109
108
84
85
86
87
95
118
62
100
101
82
81
125
80
83
116
77
17
76
78
79
75
74
68
69
67
72
66
73
20
16
21
23
22
3
18
71
7
10
8
5
105
14
19
107
104
113
0
====================
bier127,0,3,127,1.221059e-03,137481,118282,0.16232,1,1.50
===== TSP Tour =====
0
15
36
34
35
40
29
26
30
11
13
42
39
33
38
41
37
25
24
32
27
121
28
31
55
4
120
56
53
44
43
102
92
126
94
122
96
97
106
110
111
93
45
117
47
48
52
46
54
65
123
51
50
1
49
12
114
119
6
9
2
89
115
59
61
58
60
90
57
99
63
112
124
64
98
91
88
103
70
109
108
84
85
86
87
95
118
62
100
101
82
81
125
80
83
116
77
17
76
78
79
75
74
68
69
67
72
66
73
20
16
21
23
22
3
18
71
7
10
8
5
105
14
19
107
104
113
0
====================
bier127,1,3,127,1.209104e-03,137481,118282,0.16232,1,1.50
===== TSP Tour =====
0
15
36
34
35
40
29
26
30
11
13
42
39
33
38
41
37
25
24
32
27
121
28
31
55
4
120
56
53
44
43
102
92
126
94
122
96
97
106
110
111
93
45
117
47
48
52
46
54
65
123
51
50
1
49
12
114
119
6
9
2
89
115
59
61
58
60
90
57
99
63
112
124
64
98
91
88
103
70
109
108
84
85
86
87
95
118
62
100
101
82
81
125
80
83
116
77
17
76
78
79
75
74
68
69
67
72
66
73
20
16
21
23
22
3
18
71
7
10
8
5
105
14
19
107
104
113
0
====================
bier127,2,3,127,1.217825e-03,137481,118282,0.16232,1,1.50
===== TSP Tour =====
0
15
36
34
35
40
29
26
30
11
13
42
39
33
38
41
37
25
24
32
27
121
28
31
55
4
120
56
53
44
43
102
92
126
94
122
96
97
106
110
111
93
45
117
47
48
52
46
54
65
123
51
50
1
49
12
114
119
6
9
2
89
115
59
61
58
60
90
57
99
63
112
124
64
98
91
88
103
70
109
108
84
85
86
87
95
118
62
100
101
82
81
125
80
83
116
77
17
76
78
79
75
74
68
69
67
72
66
73
20
16
21
23
22
3
18
71
7
10
8
5
105
14
19
107
104
113
0
====================
bier127,3,3,127,1.204060e-03,137481,118282,0.16232,1,1.50
===== TSP Tour =====
0
15
36
34
35
40
29
26
30
11
13
42
39
33
38
41
37
25
24
32
27
121
28
31
55
4
120
56
53
44
43
102
92
126
94
122
96
97
106
110
111
93
45
117
47
48
52
46
54
65
123
51
50
1
49
12
114
119
6
9
2
89
115
59
61
58
60
90
57
99
63
112
124
64
98
91
88
103
70
109
108
84
85
86
87
95
118
62
100
101
82
81
125
80
83
116
77
17
76
78
79
75
74
68
69
67
72
66
73
20
16
21
23
22
3
18
71
7
10
8
5
105
14
19
107
104
113
0
====================
bier127,4,3,127,1.207648e-03,137481,118282,0.16232,1,1.50
===== TSP Tour =====
0
15
36
34
35
40
29
26
30
11
13
42
39
33
38
41
37
25
24
32
27
121
28
31
55
4
120
56
53
44
43
102
92
126
94
122
96
97
106
110
111
93
45
117
47
48
52
46
54
65
123
51
50
1
49
12
114
119
6
9
2
89
115
59
61
58
60
90
57
99
63
112
124
64
98
91
88
103
70
109
108
84
85
86
87
95
118
62
100
101
82
81
125
80
83
116
77
17
76
78
79
75
74
68
69
67
72
66
73
20
16
21
23
22
3
18
71
7
10
8
5
105
14
19
107
104
113
0
====================
bier127,5,3,127,1.190943e-03,137481,118282,0.16232,1,1.50
===== TSP Tour =====
0
15
36
34
35
40
29
26
30
11
13
42
39
33
38
41
37
25
24
32
27
121
28
31
55
4
120
56
53
44
43
102
92
126
94
122
96
97
106
110
111
93
45
117
47
48
52
46
54
65
123
51
50
1
49
12
114
119
6
9
2
89
115
59
61
58
60
90
57
99
63
112
124
64
98
91
88
103
70
109
108
84
85
86
87
95
118
62
100
101
82
81
125
80
83
116
77
17
76
78
79
75
74
68
69
67
72
66
73
20
16
21
23
22
3
18
71
7
10
8
5
105
14
19
107
104
113
0
====================
bier127,6,3,127,8.268870e-04,137481,118282,0.16232,1,1.50
===== TSP Tour =====
0
15
36
34
35
40
29
26
30
11
13
42
39
33
38
41
37
25
24
32
27
121
28
31
55
4
120
56
53
44
43
102
92
126
94
122
96
97
106
110
111
93
45
117
47
48
52
46
54
65
123
51
50
1
49
12
114
119
6
9
2
89
115
59
61
58
60
90
57
99
63
112
124
64
98
91
88
103
70
109
108
84
85
86
87
95
118
62
100
101
82
81
125
80
83
116
77
17
76
78
79
75
74
68
69
67
72
66
73
20
16
21
23
22
3
18
71
7
10
8
5
105
14
19
107
104
113
0
====================
bier127,7,3,127,8.257710e-04,137481,118282,0.16232,1,1.50
===== TSP Tour =====
0
15
36
34
35
40
29
26
30
11
13
42
39
33
38
41
37
25
24
32
27
121
28
31
55
4
120
56
53
44
43
102
92
126
94
122
96
97
106
110
111
93
45
117
47
48
52
46
54
65
123
51
50
1
49
12
114
119
6
9
2
89
115
59
61
58
60
90
57
99
63
112
124
64
98
91
88
103
70
109
108
84
85
86
87
95
118
62
100
101
82
81
125
80
83
116
77
17
76
78
79
75
74
68
69
67
72
66
73
20
16
21
23
22
3
18
71
7
10
8
5
105
14
19
107
104
113
0
====================
bier127,8,3,127,8.389690e-04,137481,118282,0.16232,1,1.50
===== TSP Tour =====
0
15
36
34
35
40
29
26
30
11
13
42
39
33
38
41
37
25
24
32
27
121
28
31
55
4
120
56
53
44
43
102
92
126
94
122
96
97
106
110
111
93
45
117
47
48
52
46
54
65
123
51
50
1
49
12
114
119
6
9
2
89
115
59
61
58
60
90
57
99
63
112
124
64
98
91
88
103
70
109
108
84
85
86
87
95
118
62
100
101
82
81
125
80
83
116
77
17
76
78
79
75
74
68
69
67
72
66
73
20
16
21
23
22
3
18
71
7
10
8
5
105
14
19
107
104
113
0
====================
bier127,9,3,127,8.271900e-04,137481,118282,0.16232,1,1.50
