===== TSP Tour =====
0
93
90
91
92
94
99
104
107
111
112
118
116
106
105
98
96
89
87
88
97
100
101
109
113
114
119
122
126
130
20
223
209
224
234
265
268
300
21
22
23
34
40
41
44
46
45
42
43
47
50
48
49
51
39
38
37
36
35
33
32
30
29
31
28
27
26
25
422
384
391
398
421
428
24
456
461
463
465
462
464
469
471
470
468
467
466
396
389
410
369
344
351
357
348
349
356
367
359
373
382
399
411
412
407
413
406
414
415
472
480
452
439
451
438
450
437
436
449
482
446
434
435
447
448
416
417
418
419
401
402
403
404
405
385
358
374
392
377
364
352
345
337
326
321
328
313
320
332
342
363
376
395
388
380
408
423
424
431
430
442
457
460
459
458
444
443
432
445
433
440
453
454
441
455
485
476
477
479
488
429
425
400
393
383
378
372
420
426
394
427
489
487
486
484
483
492
481
478
475
474
473
491
490
361
334
371
347
346
360
365
353
338
327
314
301
269
274
273
287
306
319
315
331
263
250
251
252
264
253
238
231
236
249
262
248
261
247
260
246
257
244
245
258
259
237
232
226
218
227
228
233
241
242
255
243
256
278
279
290
291
280
281
292
312
311
294
283
284
295
307
302
318
330
343
355
339
354
366
379
386
409
387
375
362
350
335
323
310
299
286
285
282
293
289
308
305
288
303
317
329
336
322
309
298
277
272
270
266
240
316
324
340
370
368
397
390
381
333
341
325
296
275
271
267
254
297
276
304
239
208
215
200
189
180
174
148
154
160
162
169
172
170
175
173
179
185
193
188
184
159
161
166
165
178
197
196
214
229
221
235
230
222
217
210
207
205
211
216
212
220
219
206
204
198
194
191
190
186
167
163
152
140
123
117
110
103
102
108
142
150
156
164
157
176
182
195
225
213
177
192
187
199
203
202
201
183
181
171
168
149
147
146
155
158
153
151
144
145
143
139
141
137
129
133
132
134
136
135
128
131
124
125
120
121
127
138
115
86
85
83
82
79
81
78
95
76
75
74
70
71
72
73
77
80
69
67
68
66
65
60
61
62
84
63
59
58
57
54
64
53
55
56
52
13
12
14
15
16
19
17
18
11
10
6
9
8
7
5
4
3
1
2
0
====================
d493,0,3,493,2.364966e-02,42713,35002,0.22030,1,1.50
===== TSP Tour =====
0
93
90
91
92
94
99
104
107
111
112
118
116
106
105
98
96
89
87
88
97
100
101
109
113
114
119
122
126
130
20
223
209
224
234
265
268
300
21
22
23
34
40
41
44
46
45
42
43
47
50
48
49
51
39
38
37
36
35
33
32
30
29
31
28
27
26
25
422
384
391
398
421
428
24
456
461
463
465
462
464
469
471
470
468
467
466
396
389
410
369
344
351
357
348
349
356
367
359
373
382
399
411
412
407
413
406
414
415
472
480
452
439
451
438
450
437
436
449
482
446
434
435
447
448
416
417
418
419
401
402
403
404
405
385
358
374
392
377
364
352
345
337
326
321
328
313
320
332
342
363
376
395
388
380
408
423
424
431
430
442
457
460
459
458
444
443
432
445
433
440
453
454
441
455
485
476
477
479
488
429
425
400
393
383
378
372
420
426
394
427
489
487
486
484
483
492
481
478
475
474
473
491
490
361
334
371
347
346
360
365
353
338
327
314
301
269
274
273
287
306
319
315
331
263
250
251
252
264
253
238
231
236
249
262
248
261
247
260
246
257
244
245
258
259
237
232
226
218
227
228
233
241
242
255
243
256
278
279
290
291
280
281
292
312
311
294
283
284
295
307
302
318
330
343
355
339
354
366
379
386
409
387
375
362
350
335
323
310
299
286
285
282
293
289
308
305
288
303
317
329
336
322
309
298
277
272
270
266
240
316
324
340
370
368
397
390
381
333
341
325
296
275
271
267
254
297
276
304
239
208
215
200
189
180
174
148
154
160
162
169
172
170
175
173
179
185
193
188
184
159
161
166
165
178
197
196
214
229
221
235
230
222
217
210
207
205
211
216
212
220
219
206
204
198
194
191
190
186
167
163
152
140
123
117
110
103
102
108
142
150
156
164
157
176
182
195
225
213
177
192
187
199
203
202
201
183
181
171
168
149
147
146
155
158
153
151
144
145
143
139
141
137
129
133
132
134
136
135
128
131
124
125
120
121
127
138
115
86
85
83
82
79
81
78
95
76
75
74
70
71
72
73
77
80
69
67
68
66
65
60
61
62
84
63
59
58
57
54
64
53
55
56
52
13
12
14
15
16
19
17
18
11
10
6
9
8
7
5
4
3
1
2
0
====================
d493,1,3,493,2.184014e-02,42713,35002,0.22030,1,1.50
===== TSP Tour =====
0
93
90
91
92
94
99
104
107
111
112
118
116
106
105
98
96
89
87
88
97
100
101
109
113
114
119
122
126
130
20
223
209
224
234
265
268
300
21
22
23
34
40
41
44
46
45
42
43
47
50
48
49
51
39
38
37
36
35
33
32
30
29
31
28
27
26
25
422
384
391
398
421
428
24
456
461
463
465
462
464
469
471
470
468
467
466
396
389
410
369
344
351
357
348
349
356
367
359
373
382
399
411
412
407
413
406
414
415
472
480
452
439
451
438
450
437
436
449
482
446
434
435
447
448
416
417
418
419
401
402
403
404
405
385
358
374
392
377
364
352
345
337
326
321
328
313
320
332
342
363
376
395
388
380
408
423
424
431
430
442
457
460
459
458
444
443
432
445
433
440
453
454
441
455
485
476
477
479
488
429
425
400
393
383
378
372
420
426
394
427
489
487
486
484
483
492
481
478
475
474
473
491
490
361
334
371
347
346
360
365
353
338
327
314
301
269
274
273
287
306
319
315
331
263
250
251
252
264
253
238
231
236
249
262
248
261
247
260
246
257
244
245
258
259
237
232
226
218
227
228
233
241
242
255
243
256
278
279
290
291
280
281
292
312
311
294
283
284
295
307
302
318
330
343
355
339
354
366
379
386
409
387
375
362
350
335
323
310
299
286
285
282
293
289
308
305
288
303
317
329
336
322
309
298
277
272
270
266
240
316
324
340
370
368
397
390
381
333
341
325
296
275
271
267
254
297
276
304
239
208
215
200
189
180
174
148
154
160
162
169
172
170
175
173
179
185
193
188
184
159
161
166
165
178
197
196
214
229
221
235
230
222
217
210
207
205
211
216
212
220
219
206
204
198
194
191
190
186
167
163
152
140
123
117
110
103
102
108
142
150
156
164
157
176
182
195
225
213
177
192
187
199
203
202
201
183
181
171
168
149
147
146
155
158
153
151
144
145
143
139
141
137
129
133
132
134
136
135
128
131
124
125
120
121
127
138
115
86
85
83
82
79
81
78
95
76
75
74
70
71
72
73
77
80
69
67
68
66
65
60
61
62
84
63
59
58
57
54
64
53
55
56
52
13
12
14
15
16
19
17
18
11
10
6
9
8
7
5
4
3
1
2
0
====================
d493,2,3,493,2.154979e-02,42713,35002,0.22030,1,1.50
===== TSP Tour =====
0
93
90
91
92
94
99
104
107
111
112
118
116
106
105
98
96
89
87
88
97
100
101
109
113
114
119
122
126
130
20
223
209
224
234
265
268
300
21
22
23
34
40
41
44
46
45
42
43
47
50
48
49
51
39
38
37
36
35
33
32
30
29
31
28
27
26
25
422
384
391
398
421
428
24
456
461
463
465
462
464
469
471
470
468
467
466
396
389
410
369
344
351
357
348
349
356
367
359
373
382
399
411
412
407
413
406
414
415
472
480
452
439
451
438
450
437
436
449
482
446
434
435
447
448
416
417
418
419
401
402
403
404
405
385
358
374
392
377
364
352
345
337
326
321
328
313
320
332
342
363
376
395
388
380
408
423
424
431
430
442
457
460
459
458
444
443
432
445
433
440
453
454
441
455
485
476
477
479
488
429
425
400
393
383
378
372
420
426
394
427
489
487
486
484
483
492
481
478
475
474
473
491
490
361
334
371
347
346
360
365
353
338
327
314
301
269
274
273
287
306
319
315
331
263
250
251
252
264
253
238
231
236
249
262
248
261
247
260
246
257
244
245
258
259
237
232
226
218
227
228
233
241
242
255
243
256
278
279
290
291
280
281
292
312
311
294
283
284
295
307
302
318
330
343
355
339
354
366
379
386
409
387
375
362
350
335
323
310
299
286
285
282
293
289
308
305
288
303
317
329
336
322
309
298
277
272
270
266
240
316
324
340
370
368
397
390
381
333
341
325
296
275
271
267
254
297
276
304
239
208
215
200
189
180
174
148
154
160
162
169
172
170
175
173
179
185
193
188
184
159
161
166
165
178
197
196
214
229
221
235
230
222
217
210
207
205
211
216
212
220
219
206
204
198
194
191
190
186
167
163
152
140
123
117
110
103
102
108
142
150
156
164
157
176
182
195
225
213
177
192
187
199
203
202
201
183
181
171
168
149
147
146
155
158
153
151
144
145
143
139
141
137
129
133
132
134
136
135
128
131
124
125
120
121
127
138
115
86
85
83
82
79
81
78
95
76
75
74
70
71
72
73
77
80
69
67
68
66
65
60
61
62
84
63
59
58
57
54
64
53
55
56
52
13
12
14
15
16
19
17
18
11
10
6
9
8
7
5
4
3
1
2
0
====================
d493,3,3,493,2.139520e-02,42713,35002,0.22030,1,1.50
===== TSP Tour =====
0
93
90
91
92
94
99
104
107
111
112
118
116
106
105
98
96
89
87
88
97
100
101
109
113
114
119
122
126
130
20
223
209
224
234
265
268
300
21
22
23
34
40
41
44
46
45
42
43
47
50
48
49
51
39
38
37
36
35
33
32
30
29
31
28
27
26
25
422
384
391
398
421
428
24
456
461
463
465
462
464
469
471
470
468
467
466
396
389
410
369
344
351
357
348
349
356
367
359
373
382
399
411
412
407
413
406
414
415
472
480
452
439
451
438
450
437
436
449
482
446
434
435
447
448
416
417
418
419
401
402
403
404
405
385
358
374
392
377
364
352
345
337
326
321
328
313
320
332
342
363
376
395
388
380
408
423
424
431
430
442
457
460
459
458
444
443
432
445
433
440
453
454
441
455
485
476
477
479
488
429
425
400
393
383
378
372
420
426
394
427
489
487
486
484
483
492
481
478
475
474
473
491
490
361
334
371
347
346
360
365
353
338
327
314
301
269
274
273
287
306
319
315
331
263
250
251
252
264
253
238
231
236
249
262
248
261
247
260
246
257
244
245
258
259
237
232
226
218
227
228
233
241
242
255
243
256
278
279
290
291
280
281
292
312
311
294
283
284
295
307
302
318
330
343
355
339
354
366
379
386
409
387
375
362
350
335
323
310
299
286
285
282
293
289
308
305
288
303
317
329
336
322
309
298
277
272
270
266
240
316
324
340
370
368
397
390
381
333
341
325
296
275
271
267
254
297
276
304
239
208
215
200
189
180
174
148
154
160
162
169
172
170
175
173
179
185
193
188
184
159
161
166
165
178
197
196
214
229
221
235
230
222
217
210
207
205
211
216
212
220
219
206
204
198
194
191
190
186
167
163
152
140
123
117
110
103
102
108
142
150
156
164
157
176
182
195
225
213
177
192
187
199
203
202
201
183
181
171
168
149
147
146
155
158
153
151
144
145
143
139
141
137
129
133
132
134
136
135
128
131
124
125
120
121
127
138
115
86
85
83
82
79
81
78
95
76
75
74
70
71
72
73
77
80
69
67
68
66
65
60
61
62
84
63
59
58
57
54
64
53
55
56
52
13
12
14
15
16
19
17
18
11
10
6
9
8
7
5
4
3
1
2
0
====================
d493,4,3,493,2.134680e-02,42713,35002,0.22030,1,1.50
===== TSP Tour =====
0
93
90
91
92
94
99
104
107
111
112
118
116
106
105
98
96
89
87
88
97
100
101
109
113
114
119
122
126
130
20
223
209
224
234
265
268
300
21
22
23
34
40
41
44
46
45
42
43
47
50
48
49
51
39
38
37
36
35
33
32
30
29
31
28
27
26
25
422
384
391
398
421
428
24
456
461
463
465
462
464
469
471
470
468
467
466
396
389
410
369
344
351
357
348
349
356
367
359
373
382
399
411
412
407
413
406
414
415
472
480
452
439
451
438
450
437
436
449
482
446
434
435
447
448
416
417
418
419
401
402
403
404
405
385
358
374
392
377
364
352
345
337
326
321
328
313
320
332
342
363
376
395
388
380
408
423
424
431
430
442
457
460
459
458
444
443
432
445
433
440
453
454
441
455
485
476
477
479
488
429
425
400
393
383
378
372
420
426
394
427
489
487
486
484
483
492
481
478
475
474
473
491
490
361
334
371
347
346
360
365
353
338
327
314
301
269
274
273
287
306
319
315
331
263
250
251
252
264
253
238
231
236
249
262
248
261
247
260
246
257
244
245
258
259
237
232
226
218
227
228
233
241
242
255
243
256
278
279
290
291
280
281
292
312
311
294
283
284
295
307
302
318
330
343
355
339
354
366
379
386
409
387
375
362
350
335
323
310
299
286
285
282
293
289
308
305
288
303
317
329
336
322
309
298
277
272
270
266
240
316
324
340
370
368
397
390
381
333
341
325
296
275
271
267
254
297
276
304
239
208
215
200
189
180
174
148
154
160
162
169
172
170
175
173
179
185
193
188
184
159
161
166
165
178
197
196
214
229
221
235
230
222
217
210
207
205
211
216
212
220
219
206
204
198
194
191
190
186
167
163
152
140
123
117
110
103
102
108
142
150
156
164
157
176
182
195
225
213
177
192
187
199
203
202
201
183
181
171
168
149
147
146
155
158
153
151
144
145
143
139
141
137
129
133
132
134
136
135
128
131
124
125
120
121
127
138
115
86
85
83
82
79
81
78
95
76
75
74
70
71
72
73
77
80
69
67
68
66
65
60
61
62
84
63
59
58
57
54
64
53
55
56
52
13
12
14
15
16
19
17
18
11
10
6
9
8
7
5
4
3
1
2
0
====================
d493,5,3,493,2.140008e-02,42713,35002,0.22030,1,1.50
===== TSP Tour =====
0
93
90
91
92
94
99
104
107
111
112
118
116
106
105
98
96
89
87
88
97
100
101
109
113
114
119
122
126
130
20
223
209
224
234
265
268
300
21
22
23
34
40
41
44
46
45
42
43
47
50
48
49
51
39
38
37
36
35
33
32
30
29
31
28
27
26
25
422
384
391
398
421
428
24
456
461
463
465
462
464
469
471
470
468
467
466
396
389
410
369
344
351
357
348
349
356
367
359
373
382
399
411
412
407
413
406
414
415
472
480
452
439
451
438
450
437
436
449
482
446
434
435
447
448
416
417
418
419
401
402
403
404
405
385
358
374
392
377
364
352
345
337
326
321
328
313
320
332
342
363
376
395
388
380
408
423
424
431
430
442
457
460
459
458
444
443
432
445
433
440
453
454
441
455
485
476
477
479
488
429
425
400
393
383
378
372
420
426
394
427
489
487
486
484
483
492
481
478
475
474
473
491
490
361
334
371
347
346
360
365
353
338
327
314
301
269
274
273
287
306
319
315
331
263
250
251
252
264
253
238
231
236
249
262
248
261
247
260
246
257
244
245
258
259
237
232
226
218
227
228
233
241
242
255
243
256
278
279
290
291
280
281
292
312
311
294
283
284
295
307
302
318
330
343
355
339
354
366
379
386
409
387
375
362
350
335
323
310
299
286
285
282
293
289
308
305
288
303
317
329
336
322
309
298
277
272
270
266
240
316
324
340
370
368
397
390
381
333
341
325
296
275
271
267
254
297
276
304
239
208
215
200
189
180
174
148
154
160
162
169
172
170
175
173
179
185
193
188
184
159
161
166
165
178
197
196
214
229
221
235
230
222
217
210
207
205
211
216
212
220
219
206
204
198
194
191
190
186
167
163
152
140
123
117
110
103
102
108
142
150
156
164
157
176
182
195
225
213
177
192
187
199
203
202
201
183
181
171
168
149
147
146
155
158
153
151
144
145
143
139
141
137
129
133
132
134
136
135
128
131
124
125
120
121
127
138
115
86
85
83
82
79
81
78
95
76
75
74
70
71
72
73
77
80
69
67
68
66
65
60
61
62
84
63
59
58
57
54
64
53
55
56
52
13
12
14
15
16
19
17
18
11
10
6
9
8
7
5
4
3
1
2
0
====================
d493,6,3,493,2.141116e-02,42713,35002,0.22030,1,1.50
===== TSP Tour =====
0
93
90
91
92
94
99
104
107
111
112
118
116
106
105
98
96
89
87
88
97
100
101
109
113
114
119
122
126
130
20
223
209
224
234
265
268
300
21
22
23
34
40
41
44
46
45
42
43
47
50
48
49
51
39
38
37
36
35
33
32
30
29
31
28
27
26
25
422
384
391
398
421
428
24
456
461
463
465
462
464
469
471
470
468
467
466
396
389
410
369
344
351
357
348
349
356
367
359
373
382
399
411
412
407
413
406
414
415
472
480
452
439
451
438
450
437
436
449
482
446
434
435
447
448
416
417
418
419
401
402
403
404
405
385
358
374
392
377
364
352
345
337
326
321
328
313
320
332
342
363
376
395
388
380
408
423
424
431
430
442
457
460
459
458
444
443
432
445
433
440
453
454
441
455
485
476
477
479
488
429
425
400
393
383
378
372
420
426
394
427
489
487
486
484
483
492
481
478
475
474
473
491
490
361
334
371
347
346
360
365
353
338
327
314
301
269
274
273
287
306
319
315
331
263
250
251
252
264
253
238
231
236
249
262
248
261
247
260
246
257
244
245
258
259
237
232
226
218
227
228
233
241
242
255
243
256
278
279
290
291
280
281
292
312
311
294
283
284
295
307
302
318
330
343
355
339
354
366
379
386
409
387
375
362
350
335
323
310
299
286
285
282
293
289
308
305
288
303
317
329
336
322
309
298
277
272
270
266
240
316
324
340
370
368
397
390
381
333
341
325
296
275
271
267
254
297
276
304
239
208
215
200
189
180
174
148
154
160
162
169
172
170
175
173
179
185
193
188
184
159
161
166
165
178
197
196
214
229
221
235
230
222
217
210
207
205
211
216
212
220
219
206
204
198
194
191
190
186
167
163
152
140
123
117
110
103
102
108
142
150
156
164
157
176
182
195
225
213
177
192
187
199
203
202
201
183
181
171
168
149
147
146
155
158
153
151
144
145
143
139
141
137
129
133
132
134
136
135
128
131
124
125
120
121
127
138
115
86
85
83
82
79
81
78
95
76
75
74
70
71
72
73
77
80
69
67
68
66
65
60
61
62
84
63
59
58
57
54
64
53
55
56
52
13
12
14
15
16
19
17
18
11
10
6
9
8
7
5
4
3
1
2
0
====================
d493,7,3,493,2.134108e-02,42713,35002,0.22030,1,1.50
===== TSP Tour =====
0
93
90
91
92
94
99
104
107
111
112
118
116
106
105
98
96
89
87
88
97
100
101
109
113
114
119
122
126
130
20
223
209
224
234
265
268
300
21
22
23
34
40
41
44
46
45
42
43
47
50
48
49
51
39
38
37
36
35
33
32
30
29
31
28
27
26
25
422
384
391
398
421
428
24
456
461
463
465
462
464
469
471
470
468
467
466
396
389
410
369
344
351
357
348
349
356
367
359
373
382
399
411
412
407
413
406
414
415
472
480
452
439
451
438
450
437
436
449
482
446
434
435
447
448
416
417
418
419
401
402
403
404
405
385
358
374
392
377
364
352
345
337
326
321
328
313
320
332
342
363
376
395
388
380
408
423
424
431
430
442
457
460
459
458
444
443
432
445
433
440
453
454
441
455
485
476
477
479
488
429
425
400
393
383
378
372
420
426
394
427
489
487
486
484
483
492
481
478
475
474
473
491
490
361
334
371
347
346
360
365
353
338
327
314
301
269
274
273
287
306
319
315
331
263
250
251
252
264
253
238
231
236
249
262
248
261
247
260
246
257
244
245
258
259
237
232
226
218
227
228
233
241
242
255
243
256
278
279
290
291
280
281
292
312
311
294
283
284
295
307
302
318
330
343
355
339
354
366
379
386
409
387
375
362
350
335
323
310
299
286
285
282
293
289
308
305
288
303
317
329
336
322
309
298
277
272
270
266
240
316
324
340
370
368
397
390
381
333
341
325
296
275
271
267
254
297
276
304
239
208
215
200
189
180
174
148
154
160
162
169
172
170
175
173
179
185
193
188
184
159
161
166
165
178
197
196
214
229
221
235
230
222
217
210
207
205
211
216
212
220
219
206
204
198
194
191
190
186
167
163
152
140
123
117
110
103
102
108
142
150
156
164
157
176
182
195
225
213
177
192
187
199
203
202
201
183
181
171
168
149
147
146
155
158
153
151
144
145
143
139
141
137
129
133
132
134
136
135
128
131
124
125
120
121
127
138
115
86
85
83
82
79
81
78
95
76
75
74
70
71
72
73
77
80
69
67
68
66
65
60
61
62
84
63
59
58
57
54
64
53
55
56
52
13
12
14
15
16
19
17
18
11
10
6
9
8
7
5
4
3
1
2
0
====================
d493,8,3,493,2.134810e-02,42713,35002,0.22030,1,1.50
===== TSP Tour =====
0
93
90
91
92
94
99
104
107
111
112
118
116
106
105
98
96
89
87
88
97
100
101
109
113
114
119
122
126
130
20
223
209
224
234
265
268
300
21
22
23
34
40
41
44
46
45
42
43
47
50
48
49
51
39
38
37
36
35
33
32
30
29
31
28
27
26
25
422
384
391
398
421
428
24
456
461
463
465
462
464
469
471
470
468
467
466
396
389
410
369
344
351
357
348
349
356
367
359
373
382
399
411
412
407
413
406
414
415
472
480
452
439
451
438
450
437
436
449
482
446
434
435
447
448
416
417
418
419
401
402
403
404
405
385
358
374
392
377
364
352
345
337
326
321
328
313
320
332
342
363
376
395
388
380
408
423
424
431
430
442
457
460
459
458
444
443
432
445
433
440
453
454
441
455
485
476
477
479
488
429
425
400
393
383
378
372
420
426
394
427
489
487
486
484
483
492
481
478
475
474
473
491
490
361
334
371
347
346
360
365
353
338
327
314
301
269
274
273
287
306
319
315
331
263
250
251
252
264
253
238
231
236
249
262
248
261
247
260
246
257
244
245
258
259
237
232
226
218
227
228
233
241
242
255
243
256
278
279
290
291
280
281
292
312
311
294
283
284
295
307
302
318
330
343
355
339
354
366
379
386
409
387
375
362
350
335
323
310
299
286
285
282
293
289
308
305
288
303
317
329
336
322
309
298
277
272
270
266
240
316
324
340
370
368
397
390
381
333
341
325
296
275
271
267
254
297
276
304
239
208
215
200
189
180
174
148
154
160
162
169
172
170
175
173
179
185
193
188
184
159
161
166
165
178
197
196
214
229
221
235
230
222
217
210
207
205
211
216
212
220
219
206
204
198
194
191
190
186
167
163
152
140
123
117
110
103
102
108
142
150
156
164
157
176
182
195
225
213
177
192
187
199
203
202
201
183
181
171
168
149
147
146
155
158
153
151
144
145
143
139
141
137
129
133
132
134
136
135
128
131
124
125
120
121
127
138
115
86
85
83
82
79
81
78
95
76
75
74
70
71
72
73
77
80
69
67
68
66
65
60
61
62
84
63
59
58
57
54
64
53
55
56
52
13
12
14
15
16
19
17
18
11
10
6
9
8
7
5
4
3
1
2
0
====================
d493,9,3,493,2.140316e-02,42713,35002,0.22030,1,1.50
