0,5000,200000,5000,5000,11358,24854528,0.003508
1,5000,200000,5000,5000,11541,24858624,0.003286
2,5000,200000,5000,5000,11537,24858624,0.003283
3,5000,200000,5000,5000,11471,24858624,0.003260
4,5000,200000,5000,5000,11284,24858624,0.003225
5,5000,200000,5000,5000,11420,24858624,0.003241
6,5000,200000,5000,5000,11410,24858624,0.003272
7,5000,200000,5000,5000,11596,24858624,0.003241
8,5000,200000,5000,5000,11562,24858624,0.003249
9,5000,200000,5000,5000,11329,24858624,0.003210
10,5000,200000,5000,5000,11438,24858624,0.003244
11,5000,200000,5000,5000,11486,24858624,0.003250
12,5000,200000,5000,5000,11475,24858624,0.003242
13,5000,200000,5000,5000,11330,24858624,0.003239
14,5000,200000,5000,5000,11584,24858624,0.003254
15,5000,200000,5000,5000,11263,24858624,0.003200
16,5000,200000,5000,5000,11378,24858624,0.003244
17,5000,200000,5000,5000,11480,24858624,0.003252
18,5000,200000,5000,5000,11425,24858624,0.003240
19,5000,200000,5000,5000,11499,24858624,0.003258
20,5000,200000,5000,5000,11392,24858624,0.003244
21,5000,200000,5000,5000,11495,24858624,0.003237
22,5000,200000,5000,5000,11420,24858624,0.003263
23,5000,200000,5000,5000,11459,24858624,0.003248
24,5000,200000,5000,5000,11447,24858624,0.003234
25,5000,200000,5000,5000,11336,24858624,0.003213
26,5000,200000,5000,5000,11410,24858624,0.003226
27,5000,200000,5000,5000,11457,24858624,0.003252
28,5000,200000,5000,5000,11312,24858624,0.003233
29,5000,200000,5000,5000,11339,24858624,0.003233
30,5000,200000,5000,5000,11412,24858624,0.003237
31,5000,200000,5000,5000,11380,24858624,0.003195
32,5000,200000,5000,5000,11417,24858624,0.003238
33,5000,200000,5000,5000,11620,24858624,0.003261
34,5000,200000,5000,5000,11434,24858624,0.003271
35,5000,200000,5000,5000,11384,24858624,0.003248
36,5000,200000,5000,5000,11354,24858624,0.003202
37,5000,200000,5000,5000,11510,24858624,0.003247
38,5000,200000,5000,5000,11465,24858624,0.003244
39,5000,200000,5000,5000,11481,24858624,0.003231
40,5000,200000,5000,5000,11382,24858624,0.003240
41,5000,200000,5000,5000,11382,24858624,0.003207
42,5000,200000,5000,5000,11344,24858624,0.003231
43,5000,200000,5000,5000,11305,24858624,0.003237
44,5000,200000,5000,5000,11529,24858624,0.003240
45,5000,200000,5000,5000,11351,24858624,0.003241
46,5000,200000,5000,5000,11323,24858624,0.003197
47,5000,200000,5000,5000,11329,24858624,0.003225
48,5000,200000,5000,5000,11410,24858624,0.003232
49,5000,200000,5000,5000,11459,24858624,0.003236
