0,8388608,46137344,9,11597179,5232857088,1.15e+02,4194228
1,8388608,46137344,9,11597179,5232861184,1.13e+02,4194228
2,8388608,46137344,9,11597179,5232861184,1.11e+02,4194228
3,8388608,46137344,9,11597179,5232861184,1.09e+02,4194228
4,8388608,46137344,9,11597179,5232861184,1.07e+02,4194228
5,8388608,46137344,9,11597179,5232861184,1.06e+02,4194228
6,8388608,46137344,9,11597179,5232861184,1.05e+02,4194228
7,8388608,46137344,9,11597179,5232861184,1.03e+02,4194228
8,8388608,46137344,9,11597179,5232861184,1.02e+02,4194228
9,8388608,46137344,9,11597179,5232861184,1.00e+02,4194228
