0,200000,700000,193087,193087,49272,64233472,0.075269
1,200000,700000,193087,193087,49594,64237568,0.074292
2,200000,700000,193087,193087,49166,64237568,0.074370
3,200000,700000,193087,193087,49265,64237568,0.074355
4,200000,700000,193087,193087,49392,64237568,0.074377
5,200000,700000,193087,193087,49426,64237568,0.074402
6,200000,700000,193087,193087,49550,64237568,0.074466
7,200000,700000,193087,193087,49234,64237568,0.074383
8,200000,700000,193087,193087,49203,64237568,0.074302
9,200000,700000,193087,193087,49660,64237568,0.074402
10,200000,700000,193087,193087,49558,64237568,0.074415
11,200000,700000,193087,193087,49563,64237568,0.074362
12,200000,700000,193087,193087,49341,64237568,0.074386
13,200000,700000,193087,193087,49194,64237568,0.074440
14,200000,700000,193087,193087,48893,64237568,0.074369
15,200000,700000,193087,193087,49131,64237568,0.074394
16,200000,700000,1,1,0,64237568,0.000166
17,200000,700000,193087,193087,49097,64237568,0.074350
18,200000,700000,193087,193087,49289,64237568,0.074366
19,200000,700000,193087,193087,49381,64237568,0.074360
20,200000,700000,193087,193087,49254,64237568,0.074366
21,200000,700000,193087,193087,49283,64237568,0.074300
22,200000,700000,193087,193087,49114,64237568,0.074493
23,200000,700000,193087,193087,49352,64237568,0.074398
24,200000,700000,193087,193087,49265,64237568,0.074376
25,200000,700000,193087,193087,49419,64237568,0.074325
26,200000,700000,193087,193087,49332,64237568,0.074342
27,200000,700000,193087,193087,49560,64237568,0.074378
28,200000,700000,193087,193087,49418,64237568,0.074367
29,200000,700000,193087,193087,49276,64237568,0.074539
30,200000,700000,193087,193087,49276,64237568,0.074351
31,200000,700000,193087,193087,49181,64237568,0.074331
32,200000,700000,193087,193087,49303,64237568,0.074319
33,200000,700000,193087,193087,49352,64237568,0.074358
34,200000,700000,193087,193087,49348,64237568,0.074350
35,200000,700000,193087,193087,49378,64237568,0.074393
36,200000,700000,193087,193087,48994,64237568,0.074377
37,200000,700000,193087,193087,49345,64237568,0.074286
38,200000,700000,1,1,0,64237568,0.000166
39,200000,700000,193087,193087,49399,64237568,0.074307
40,200000,700000,193087,193087,49399,64237568,0.074370
41,200000,700000,193087,193087,49173,64237568,0.074359
42,200000,700000,193087,193087,49466,64237568,0.074477
43,200000,700000,193087,193087,49179,64237568,0.074333
44,200000,700000,193087,193087,49361,64237568,0.074285
45,200000,700000,193087,193087,49445,64237568,0.074393
46,200000,700000,193087,193087,49045,64237568,0.074557
47,200000,700000,193087,193087,49189,64237568,0.074340
48,200000,700000,193087,193087,49171,64237568,0.074297
49,200000,700000,193087,193087,49546,64237568,0.074410
