0,5000,200000,5000,5000,11464,24854528,0.003460
1,5000,200000,5000,5000,11366,24858624,0.003264
2,5000,200000,5000,5000,11529,24858624,0.003232
3,5000,200000,5000,5000,11513,24858624,0.003237
4,5000,200000,5000,5000,11385,24858624,0.003240
5,5000,200000,5000,5000,11416,24858624,0.003206
6,5000,200000,5000,5000,11454,24858624,0.003220
7,5000,200000,5000,5000,11511,24858624,0.003254
8,5000,200000,5000,5000,11414,24858624,0.003229
9,5000,200000,5000,5000,11532,24858624,0.003217
10,5000,200000,5000,5000,11409,24858624,0.003185
11,5000,200000,5000,5000,11506,24858624,0.003234
12,5000,200000,5000,5000,11303,24858624,0.003211
13,5000,200000,5000,5000,11358,24858624,0.003213
14,5000,200000,5000,5000,11548,24858624,0.003233
15,5000,200000,5000,5000,11468,24858624,0.003220
16,5000,200000,5000,5000,11340,24858624,0.003197
17,5000,200000,5000,5000,11479,24858624,0.003237
18,5000,200000,5000,5000,11304,24858624,0.003233
19,5000,200000,5000,5000,11385,24858624,0.003211
20,5000,200000,5000,5000,11415,24858624,0.003218
21,5000,200000,5000,5000,11457,24858624,0.003188
22,5000,200000,5000,5000,11468,24858624,0.003230
23,5000,200000,5000,5000,11313,24858624,0.003229
24,5000,200000,5000,5000,11556,24858624,0.003225
25,5000,200000,5000,5000,11414,24858624,0.003227
26,5000,200000,5000,5000,11517,24858624,0.003196
27,5000,200000,5000,5000,11302,24858624,0.003225
28,5000,200000,5000,5000,11481,24858624,0.003214
29,5000,200000,5000,5000,11232,24858624,0.003214
30,5000,200000,5000,5000,11507,24858624,0.003232
31,5000,200000,5000,5000,11471,24858624,0.003195
32,5000,200000,5000,5000,11406,24858624,0.003243
33,5000,200000,5000,5000,11423,24858624,0.003242
34,5000,200000,5000,5000,11688,24858624,0.003234
35,5000,200000,5000,5000,11535,24858624,0.003214
36,5000,200000,5000,5000,11335,24858624,0.003187
37,5000,200000,5000,5000,11437,24858624,0.003222
38,5000,200000,5000,5000,11586,24858624,0.003237
39,5000,200000,5000,5000,11478,24858624,0.003226
40,5000,200000,5000,5000,11367,24858624,0.003248
41,5000,200000,5000,5000,11514,24858624,0.003214
42,5000,200000,5000,5000,11515,24858624,0.003206
43,5000,200000,5000,5000,11315,24858624,0.003225
44,5000,200000,5000,5000,11443,24858624,0.003246
45,5000,200000,5000,5000,11516,24858624,0.003231
46,5000,200000,5000,5000,11310,24858624,0.003230
47,5000,200000,5000,5000,11547,24858624,0.003237
48,5000,200000,5000,5000,11417,24858624,0.003232
49,5000,200000,5000,5000,11457,24858624,0.003223
