0,200000,700000,193087,193087,49601,64233472,0.086883
1,200000,700000,193087,193087,49417,64237568,0.086032
2,200000,700000,193087,193087,49447,64237568,0.086078
3,200000,700000,193087,193087,49768,64237568,0.086025
4,200000,700000,193087,193087,49048,64237568,0.086031
5,200000,700000,193087,193087,49126,64237568,0.086060
6,200000,700000,193087,193087,49402,64237568,0.086100
7,200000,700000,193087,193087,49420,64237568,0.086025
8,200000,700000,193087,193087,49518,64237568,0.086087
9,200000,700000,193087,193087,49694,64237568,0.086037
10,200000,700000,193087,193087,49412,64237568,0.086004
11,200000,700000,193087,193087,49039,64237568,0.086015
12,200000,700000,193087,193087,49192,64237568,0.095515
13,200000,700000,193087,193087,49540,64237568,0.086401
14,200000,700000,193087,193087,49352,64237568,0.086330
15,200000,700000,193087,193087,49204,64237568,0.086267
16,200000,700000,193087,193087,49123,64237568,0.086253
17,200000,700000,193087,193087,49217,64237568,0.086273
18,200000,700000,193087,193087,49233,64237568,0.086239
19,200000,700000,193087,193087,49351,64237568,0.086238
20,200000,700000,193087,193087,49094,64237568,0.086279
21,200000,700000,193088,193088,49377,64237568,0.086279
22,200000,700000,193087,193087,49331,64237568,0.086278
23,200000,700000,1,1,0,64237568,0.000163
24,200000,700000,193087,193087,49353,64237568,0.086252
25,200000,700000,1,1,0,64237568,0.000166
26,200000,700000,193087,193087,49169,64237568,0.086204
27,200000,700000,193087,193087,49373,64237568,0.086257
28,200000,700000,193087,193087,49285,64237568,0.086251
29,200000,700000,193087,193087,49196,64237568,0.086303
30,200000,700000,193087,193087,49647,64237568,0.086274
31,200000,700000,193087,193087,49424,64237568,0.086130
32,200000,700000,193087,193087,49217,64237568,0.084113
33,200000,700000,193087,193087,49322,64237568,0.084127
34,200000,700000,193087,193087,49442,64237568,0.084170
35,200000,700000,193087,193087,48920,64237568,0.084091
36,200000,700000,193087,193087,49406,64237568,0.084121
37,200000,700000,193087,193087,49243,64237568,0.084110
38,200000,700000,193087,193087,49062,64237568,0.084167
39,200000,700000,193087,193087,49493,64237568,0.084198
40,200000,700000,193087,193087,49171,64237568,0.084141
41,200000,700000,193087,193087,49153,64237568,0.084123
42,200000,700000,193087,193087,49342,64237568,0.084155
43,200000,700000,193087,193087,49267,64237568,0.084207
44,200000,700000,193087,193087,49403,64237568,0.084178
45,200000,700000,193087,193087,49406,64237568,0.084184
46,200000,700000,193087,193087,49310,64237568,0.084175
47,200000,700000,193087,193087,49293,64237568,0.084305
48,200000,700000,193087,193087,49360,64237568,0.084239
49,200000,700000,193088,193088,49073,64237568,0.084128
