0,5000,200000,5000,5000,11612,24854528,0.003547
1,5000,200000,5000,5000,11547,24858624,0.003348
2,5000,200000,5000,5000,11419,24858624,0.003302
3,5000,200000,5000,5000,11415,24858624,0.003313
4,5000,200000,5000,5000,11331,24858624,0.003297
5,5000,200000,5000,5000,11477,24858624,0.003316
6,5000,200000,5000,5000,11499,24858624,0.003268
7,5000,200000,5000,5000,11534,24858624,0.003314
8,5000,200000,5000,5000,11305,24858624,0.003300
9,5000,200000,5000,5000,11360,24858624,0.003291
10,5000,200000,5000,5000,11385,24858624,0.003310
11,5000,200000,5000,5000,11438,24858624,0.003316
12,5000,200000,5000,5000,11454,24858624,0.003264
13,5000,200000,5000,5000,11463,24858624,0.003293
14,5000,200000,5000,5000,11491,24858624,0.003308
15,5000,200000,5000,5000,11522,24858624,0.003297
16,5000,200000,5000,5000,11422,24858624,0.003291
17,5000,200000,5000,5000,11342,24858624,0.003246
18,5000,200000,5000,5000,11394,24858624,0.003299
19,5000,200000,5000,5000,11256,24858624,0.003293
20,5000,200000,5000,5000,11385,24858624,0.003272
21,5000,200000,5000,5000,11341,24858624,0.003313
22,5000,200000,5000,5000,11415,24858624,0.003289
23,5000,200000,5000,5000,11348,24858624,0.003249
24,5000,200000,5000,5000,11398,24858624,0.003297
25,5000,200000,5000,5000,11671,24858624,0.003307
26,5000,200000,5000,5000,11340,24858624,0.003299
27,5000,200000,5000,5000,11373,24858624,0.003288
28,5000,200000,5000,5000,11488,24858624,0.003304
29,5000,200000,5000,5000,11416,24858624,0.003271
30,5000,200000,5000,5000,11657,24858624,0.003298
31,5000,200000,5000,5000,11382,24858624,0.003282
32,5000,200000,5000,5000,11393,24858624,0.003328
33,5000,200000,5000,5000,11371,24858624,0.003300
34,5000,200000,5000,5000,11413,24858624,0.003261
35,5000,200000,5000,5000,11542,24858624,0.003269
36,5000,200000,5000,5000,11515,24858624,0.003299
37,5000,200000,5000,5000,11402,24858624,0.003311
38,5000,200000,5000,5000,11486,24858624,0.003297
39,5000,200000,5000,5000,11274,24858624,0.003317
40,5000,200000,5000,5000,11554,24858624,0.003276
41,5000,200000,5000,5000,11465,24858624,0.003290
42,5000,200000,5000,5000,11441,24858624,0.003316
43,5000,200000,5000,5000,11474,24858624,0.003303
44,5000,200000,5000,5000,11368,24858624,0.003289
45,5000,200000,5000,5000,11457,24858624,0.003310
46,5000,200000,5000,5000,11383,24858624,0.003279
47,5000,200000,5000,5000,11553,24858624,0.003308
48,5000,200000,5000,5000,11451,24858624,0.003300
49,5000,200000,5000,5000,11633,24858624,0.003391
