0,200000,700000,193087,193087,49309,64233472,0.085491
1,200000,700000,193087,193087,49597,64237568,0.084727
2,200000,700000,193087,193087,49304,64237568,0.084714
3,200000,700000,193087,193087,49202,64237568,0.084702
4,200000,700000,193087,193087,48890,64237568,0.084610
5,200000,700000,193087,193087,49609,64237568,0.084714
6,200000,700000,193087,193087,49108,64237568,0.084714
7,200000,700000,193087,193087,49487,64237568,0.084677
8,200000,700000,193088,193088,49381,64237568,0.084718
9,200000,700000,193087,193087,49364,64237568,0.084686
10,200000,700000,193087,193087,49066,64237568,0.084689
11,200000,700000,193087,193087,49303,64237568,0.084751
12,200000,700000,193087,193087,49265,64237568,0.084680
13,200000,700000,193087,193087,49421,64237568,0.084774
14,200000,700000,193087,193087,49458,64237568,0.084720
15,200000,700000,193087,193087,49029,64237568,0.084623
16,200000,700000,193087,193087,49372,64237568,0.084766
17,200000,700000,193087,193087,49315,64237568,0.084685
18,200000,700000,193087,193087,49250,64237568,0.084824
19,200000,700000,193087,193087,49646,64237568,0.084702
20,200000,700000,193087,193087,49504,64237568,0.084707
21,200000,700000,193087,193087,49304,64237568,0.084825
22,200000,700000,193087,193087,49289,64237568,0.084836
23,200000,700000,193087,193087,49005,64237568,0.084678
24,200000,700000,193089,193089,49049,64237568,0.084621
25,200000,700000,193087,193087,49336,64237568,0.084765
26,200000,700000,193087,193087,49191,64237568,0.084687
27,200000,700000,193087,193087,49627,64237568,0.084678
28,200000,700000,193087,193087,49480,64237568,0.084707
29,200000,700000,193087,193087,49234,64237568,0.084692
30,200000,700000,193087,193087,49380,64237568,0.084722
31,200000,700000,193087,193087,48944,64237568,0.084667
32,200000,700000,193087,193087,49452,64237568,0.084725
33,200000,700000,193087,193087,49362,64237568,0.084680
34,200000,700000,193087,193087,49360,64237568,0.084680
35,200000,700000,193087,193087,49198,64237568,0.084688
36,200000,700000,193088,193088,49484,64237568,0.084685
37,200000,700000,193087,193087,49557,64237568,0.084726
38,200000,700000,193087,193087,49289,64237568,0.084749
39,200000,700000,193087,193087,49266,64237568,0.084687
40,200000,700000,193087,193087,49656,64237568,0.084733
41,200000,700000,193087,193087,49427,64237568,0.084653
42,200000,700000,193087,193087,49487,64237568,0.084688
43,200000,700000,193087,193087,49736,64237568,0.084688
44,200000,700000,193087,193087,49421,64237568,0.084751
45,200000,700000,193087,193087,49423,64237568,0.084626
46,200000,700000,193087,193087,49081,64237568,0.084652
47,200000,700000,193087,193087,49391,64237568,0.084738
48,200000,700000,1,1,0,64237568,0.000164
49,200000,700000,193087,193087,49019,64237568,0.084573
