0,200000,700000,193087,193087,49604,64233472,0.078975
1,200000,700000,193087,193087,49233,64237568,0.078165
2,200000,700000,193087,193087,49230,64237568,0.078500
3,200000,700000,193087,193087,49142,64237568,0.078603
4,200000,700000,193087,193087,49298,64237568,0.078311
5,200000,700000,193087,193087,49255,64237568,0.078133
6,200000,700000,193087,193087,49025,64237568,0.078085
7,200000,700000,193087,193087,49322,64237568,0.078191
8,200000,700000,193087,193087,49543,64237568,0.078340
9,200000,700000,193087,193087,49237,64237568,0.078099
10,200000,700000,193087,193087,49289,64237568,0.078306
11,200000,700000,193087,193087,48771,64237568,0.078207
12,200000,700000,193087,193087,49607,64237568,0.078315
13,200000,700000,193087,193087,49591,64237568,0.078098
14,200000,700000,193087,193087,49332,64237568,0.078261
15,200000,700000,193087,193087,49462,64237568,0.078215
16,200000,700000,193087,193087,49317,64237568,0.078157
17,200000,700000,193087,193087,49488,64237568,0.078264
18,200000,700000,193087,193087,49221,64237568,0.078095
19,200000,700000,193087,193087,48995,64237568,0.078118
20,200000,700000,193087,193087,48953,64237568,0.078307
21,200000,700000,193087,193087,49193,64237568,0.078265
22,200000,700000,193087,193087,49185,64237568,0.078143
23,200000,700000,193087,193087,49276,64237568,0.078121
24,200000,700000,193087,193087,49469,64237568,0.078288
25,200000,700000,193087,193087,49114,64237568,0.078338
26,200000,700000,193089,193089,49306,64237568,0.078227
27,200000,700000,193087,193087,49541,64237568,0.078296
28,200000,700000,193087,193087,49267,64237568,0.078199
29,200000,700000,193087,193087,49426,64237568,0.078125
30,200000,700000,193087,193087,49310,64237568,0.078236
31,200000,700000,193087,193087,49106,64237568,0.078092
32,200000,700000,193087,193087,49299,64237568,0.078128
33,200000,700000,193087,193087,49472,64237568,0.078343
34,200000,700000,193087,193087,49184,64237568,0.078123
35,200000,700000,193087,193087,49474,64237568,0.078240
36,200000,700000,193087,193087,49244,64237568,0.078131
37,200000,700000,193087,193087,49160,64237568,0.078216
38,200000,700000,193087,193087,49747,64237568,0.078302
39,200000,700000,193087,193087,49055,64237568,0.078094
40,200000,700000,193087,193087,49399,64237568,0.078374
41,200000,700000,193087,193087,48828,64237568,0.078082
42,200000,700000,193087,193087,49535,64237568,0.078085
43,200000,700000,193087,193087,49560,64237568,0.078288
44,200000,700000,193087,193087,49414,64237568,0.078185
45,200000,700000,193087,193087,49083,64237568,0.078200
46,200000,700000,193087,193087,49478,64237568,0.078308
47,200000,700000,193087,193087,49006,64237568,0.078118
48,200000,700000,193087,193087,48961,64237568,0.078265
49,200000,700000,193087,193087,49248,64237568,0.078289
